5050
3105
2117
6661
8447
1184
8410
7149
1232
727
5295
3624
3545
7769
6471
3208
2976
387
3341
3060
8972
9482
1924
9376
3123
2758
3723
1519
4600
423
5810
6432
4176
8689
9119
9078
7854
72
3449
817
4578
4482
3999
6641
1746
1179
3623
6936
4402
1614
7738
3751
4116
8068
1557
6585
1402
5114
2493
519
5694
8737
2178
64
4341
6279
688
1243
2454
8497
9667
7328
6630
623
7423
9753
5172
8849
7379
9572
8700
1257
7611
398
1045
2016
5280
5001
3440
5611
2668
5905
5850
182
1364
1858
6371
2941
4779
7305
5253
5968
2807
3324
1166
7816
8957
2293
5974
9231
7987
2719
1202
5205
9570
9154
2201
1847
1179
7567
3368
4250
3146
7505
6751
5220
8080
9875
3089
5514
421
471
6434
4328
767
9144
7445
1049
6418
6275
3129
9204
1900
213
108
4646
3867
7663
7344
5251
9541
7008
9604
9550
3992
4071
3209
9097
8382
8217
7020
5801
8722
2903
441
6150
2895
3588
3811
5254
1982
8892
8562
1879
9319
5685
6223
4024
1113
2604
1692
9539
1045
1958
7972
3248
3457
9114
5542
3344
8718
1876
7391
2661
6808
7426
8514
7655
873
2221
7961
6782
3050
4941
9660
4218
203
9665
8431
2748
4347
2776
3975
2306
5004
6895
544
7867
8317
1722
3832
2961
8136
6704
2728
7455
6145
1019
6751
7374
3611
3489
6014
3140
4567
2328
7164
9493
2905
179
1147
9825
1387
4984
6446
7891
2361
6899
5921
6727
5965
6440
7971
5034
748
1755
7408
8510
1156
509
2757
4628
5007
2000
5523
3362
3892
8741
6689
1778
3212
2885
3157
9667
2025
8874
1125
3104
2127
6246
2793
3723
3532
7984
203
2165
3764
559
4292
4463
5673
3901
9659
8412
3750
3003
6133
4328
4038
9473
4729
2051
7581
2169
1919
7774
1342
7011
7830
1445
5780
3900
9629
6485
8556
4539
922
4214
7723
8600
5220
9657
2925
1373
7330
9803
732
2287
7086
6968
7412
9144
4886
8400
6652
7460
8614
3883
6546
7779
1592
5952
1733
9030
1028
8056
1749
9260
6633
152
813
8933
122
3968
3598
8630
4657
1821
8185
2663
5023
1769
8229
2908
4418
6721
4961
4827
32
3877
9051
3626
5202
5594
9768
1461
1304
8197
1720
9644
322
3111
347
2352
6067
4624
9008
2945
2119
1861
2293
6604
3263
3967
3122
7099
20
1565
7063
9805
5641
562
5015
1906
8362
6217
5405
6838
5585
7446
5257
4614
7185
3835
1714
793
3867
2442
5455
6670
2553
9826
9548
9583
5716
6307
3463
995
133
8345
4209
3094
529
6843
2698
4727
2825
9606
7152
7579
6149
5696
1024
7107
2195
3148
8946
3049
1151
3253
4383
7926
6536
5985
7213
4687
632
9763
1074
5076
1807
1423
7389
4168
1410
3443
1899
9946
6008
1850
1950
3987
8542
8218
5827
6027
8241
936
5513
2077
6091
5763
3175
1693
4854
7563
849
7271
1504
3966
8112
4176
7857
5916
4048
4461
6082
9000
4522
8743
6983
7385
4448
1507
3607
5886
1013
1814
2207
3599
4880
704
6137
3021
3771
7790
6516
2743
558
7452
2703
4595
7246
7526
3764
3653
9496
5383
126
9531
3078
9979
6774
6324
8455
4354
6668
5781
6793
3729
5482
6868
8917
383
8816
6888
4939
7756
7042
9951
5744
3543
2396
5030
147
3559
1019
4291
9037
4084
3683
9176
5388
3715
2571
2656
5663
39
8832
4605
696
1808
3676
6585
5018
3309
2118
2099
9093
9438
5912
2862
6727
8457
4459
3910
1357
3673
7598
7665
715
9706
3139
9333
4014
2349
8865
8580
4792
6686
284
4515
533
4817
7121
3723
7135
370
7497
8864
4856
9333
8824
1853
3753
3123
9519
8063
5794
8547
6588
4184
8572
4669
104
5995
3409
8608
377
3140
805
1858
9162
7544
8680
3288
8366
6005
8417
7129
670
7291
2564
2063
4941
3017
8950
3945
597
6560
8102
7934
1526
4883
136
2989
4421
6854
111
2144
1846
8030
4197
3645
3727
3317
931
4179
8862
2511
4962
405
5040
403
5235
6578
8780
1175
4218
5511
4024
7775
5588
3108
7307
3947
6007
4828
5067
543
640
210
3473
9088
7247
8917
5030
6803
3282
6494
8297
852
6585
2739
7377
7206
3310
3958
7514
1333
933
3303
4956
7655
8407
6354
3765
8447
8884
247
6720
4328
1485
9563
9377
9082
4097
723
3043
7623
2028
7929
3832
2909
6960
5204
2448
8677
1292
1071
311
4425
994
6024
5536
92
1690
7451
3041
1506
136
1803
9051
7782
7116
3844
9905
5046
1931
8715
4999
7903
9752
8399
5822
6389
6530
9364
2176
6140
2354
5143
6719
5140
8940
7937
3542
6169
6355
1654
2472
5147
9470
3911
7146
218
1133
727
8489
7339
4396
684
8878
768
9432
9423
7113
4585
5529
1978
9723
5726
174
4616
1452
1474
7609
701
1744
9519
5805
3685
1579
131
4998
118
24
2762
9137
6475
3536
7358
1760
4774
5279
1976
2695
6755
9300
117
3434
7536
9763
3013
5395
9605
7671
7926
1140
8336
6225
1527
6387
3382
6667
5790
388
6445
2766
4148
2489
1517
9986
3794
861
5505
6413
8623
7326
6545
2596
4068
3655
8810
8702
8749
6454
3068
1095
4093
4122
8259
4995
2519
4552
5672
4892
2724
97
4646
7142
3138
5052
5163
257
5596
5092
3049
5756
7590
717
2051
8891
9324
2707
547
887
2165
2589
7358
3804
6443
5183
7495
3908
1519
3776
4153
9433
8831
5374
2953
9089
5019
6435
273
7754
6071
4291
2316
8199
6354
6333
82
6058
3725
1348
908
5296
9801
757
2278
1531
6199
7159
8516
3517
3872
7280
6198
9096
38
7845
8739
8896
2893
556
4607
449
5836
8779
8566
4580
8730
92
5059
3874
333
1254
8818
4221
2069
4491
8724
9935
2614
1810
2680
2295
6754
4099
2907
8304
6991
8997
9999
1662
3308
1838
9966
4683
3815
6707
2473
7914
3938
5876
6981
1575
2874
495
8170
9283
7539
933
4560
7379
2469
8924
2139
